1709581854725
1709581855027
1709581855332
1709581855613
1709581855927
1709581856210
1709581856598
1709581856876
1709581857139
1709581857412
1709581857739
1709581858000
1709581867339
1709581867775
1709581868209
1709581868555
1709581868827
1709581869097
1709581869399
1709581869664
1709581869923
1709581870168
1709581870411
1709581870675
1709581870911
1709581871182
1709581871475
1709581871720
1709581871995
1709581872454
1709581872840
1709581873092
1709581873360
1709581873644
1709581873920
1709581874164
1709581874434
1709581874691
